0.005390648048145098
0.8263288555810506
0.07206479592266123
0.0067216036823385585
0.07206479592266123
0.8194742378039417
0.005390648048456593
0.07206479592266123
0.8194742378039417
0.9059601668217997
0.005390648048145098
0.07206479592266123
0.8828261962945683
0.005390648048145098
0.018166936652774936
0.005390648048145098
0.9519017213373213
0.4660290962189747
0.015353256434121536
0.06472208941477854
0.5085606306251231
0.03823241986229532
0.005390648048145098
0.1419900050135866
0.8194742378039417
0.005390647940996033
0.8194742378039417
0.07206479592307379
0.8194742378039417
0.07206479592266123
0.8194742380250514
0.015353425986438858
0.9059601673885995
0.8194742378039417
0.07206476840518959
0.697593464030457
0.9059601668217997
0.041171579681651825
0.06337357449331063
0.07206479592266123
0.005390648048145098
0.01439731800877723
0.005390648842139089
0.9059601672067041
0.823496255672135
0.005390648048145098
0.07206479592266123
0.005390648048145098
0.9065325761439721
0.005390648050708143
0.018157675143312586
0.06639129847995673
0.9059601668218126
0.6975934640304555
0.07206479592266123
0.9753700580177187
0.005390648048145098
0.005390648048145098
0.005390648048145098
0.9230752188486152
0.07206479592253388
0.07206479592216553
0.018162754222425855
0.9902675298204048
0.9059555582012854
0.5885557688590959
0.8978665289996887
0.4813301913254956
0.8194742378039417
0.03294414774727159
0.06639121431798685
0.14199000501367096
0.07206479592266123
0.7839088389435205
0.5085606306251231
0.0720647959462152
0.015353207747371185
0.0720648061152709
0.015353425988397004
0.06639121431798685
0.005390648048145098
0.9868857974485556
0.027535742322949038
0.5085606306251231
0.8026882634670297
0.24810744664063186
0.07018359909547835
0.8077798234316876
0.8194737267226291
0.05854120154404588
0.021781122635286154
0.9896021626635584
0.897865820845321
0.25261362094749745
0.005390648048145098
0.9867566701853493
0.005390648056328129
0.015353426054836963
0.9065325761491544
0.007746935588399075
0.1419900050657639
0.061158672092816724
0.005390648048145098
0.8194742378039417
0.008379142154890265
0.5085606306251231
0.7619021834310385
0.07206479592266123
0.06916402998253347
0.12658084272386888
0.8194742378039412
0.42832768991393194
0.004982597010794412
0.13441174609702997
0.015535949060021993
0.07203210454174501
0.01535342598839699
0.8247138887339205
0.9059601668217997
0.018162754222419284
