0.24359560733358454
0.243595607383891
0.24359560733358454
0.24359560733358454
0.7788734947119281
0.7788734947147026
0.041489617800459906
0.6893138275083924
0.7508293244216003
0.24359560733358454
0.24359560733358454
0.9828130035874262
0.1968239234364881
0.24359560733358454
0.9933936519039326
0.24359560733358454
0.24359560733358454
0.24359560733358454
0.9725963076951721
0.7206482011288564
0.7788734947119281
0.24359560733358454
0.24359560733358454
0.24359560733358454
0.24359560733358454
0.24359560733358454
0.24359560733358454
0.24359560733358454
0.9990869966914486
0.24382592991339952
0.7000916355983399
0.7508293244216003
0.24359560733358454
0.9933936519039326
0.24359560733358454
0.24359560733358454
0.7788734947119281
0.052540669504061596
0.24359560733358454
0.24359560733358454
0.24359560733358454
0.052540669504061596
0.24359560733358454
0.6893145641548153
0.7788734947119281
0.24359560733358454
0.24359560733356644
0.24359560733358454
0.7773773671381978
0.9945507329301542
0.24358990890667226
0.7788734367533013
0.041383310247680535
0.7508293244216003
0.24359560733358454
0.7788734947119287
0.1968239234364881
0.24359560733358454
0.24359560733358454
0.19682392343648858
0.7508293244216003
0.24359560733358454
0.24359560733358454
0.24359560733358454
0.12444561659220423
0.9930070351668856
