0.24359560733358454
0.24359560733358454
0.2435956073335843
0.24359560733263905
0.1968239234364881
0.24359560639825162
0.027194735355839827
0.1968239234364881
0.19682392343654934
0.1968239234364881
0.1968239234364881
0.1968239234364881
0.24359560733358454
0.24359560733358454
0.24359560733358454
0.24359560733358454
0.19691031638110554
0.24359560733358454
0.24359560733358454
0.24359560733358454
0.24359560733358454
0.24343482563956761
0.24359560733358454
0.21341636609911013
0.24359560733358454
0.24359560733358454
0.041383310248405934
0.24359560733358407
0.24325765040229275
0.2435956072526397
0.24359560733358454
0.052540669504061596
0.1968239234364881
0.24359560733358454
0.24359560733358454
0.19682392332766882
0.24359560733358454
0.24359560733358454
0.19682392307255248
0.2421518496295303
0.2435828520425964
0.24359560736563177
0.24359560733358454
0.1968239234364881
0.24359560733358454
0.19682392339503227
0.24359560733358454
0.19682392345997143
0.24359560733358454
0.04138331024768027
0.24359560733358454
0.24359560733358454
0.1968239234364881
0.19682392344482497
